Rank,Name,PRCC,p-value,Significant?
1,$H_{exer}$,0.942264974891686,0,1
2,$K_{a1}$,0.939352891652985,0,1
3,$\rho_{O2}$,-0.822633763268707,3.9642640516784e-238,1
4,$\alpha_r$,-0.743198456783419,4.39599031900213e-170,1
5,$\kappa$,-0.739503332901839,1.53576193567091e-167,1
6,$c_{vs}$,-0.734208109213414,5.70545021491524e-164,1
7,$\beta_r$,0.699111402970403,2.60070518096098e-142,1
8,$c_r$,0.675181359069185,2.84000206955409e-129,1
9,$R_l$,-0.621882583950647,2.97570506310659e-104,1
10,$\alpha_l$,-0.6062837303393,8.13759973973695e-98,1
11,$\beta_l$,0.604654657387349,3.64965671470713e-97,1
12,$A_{pesk,exer}$,0.587298934788343,1.89711791584807e-90,1
13,$M_{O2}$,-0.509579104949765,7.85419551814928e-65,1
14,$c_{as}$,-0.509174367187345,1.02744027844913e-64,1
15,$c_l$,0.494270121012315,1.58543576552845e-60,1
16,$c_{vp}$,-0.46219985178792,3.47270721403527e-52,1
17,$P_{IO2}$,0.298427687566828,2.7906092971695e-21,1
18,$R_{p,exer}$,-0.246020842052665,9.33364694719838e-15,1
19,$K_{a2}$,0.202602853585599,2.17747302698582e-10,1
20,$c_{ap}$,-0.154559235106457,1.4242285455486e-06,1
21,$R_r$,-0.150999023821146,2.48673817636395e-06,1
22,$dot_{VA,exer}$,0.087136452055831,0.00678772337313633,1
23,$\rho_{CO2}$,-0.0568532143624968,0.077675530916746,0
24,$P_{ICO2}$,0.0498726034739104,0.121762976685101,0
25,$V_{AO2}$,-0.0466519739357534,0.147791768449817,0
26,$K_{CO2}$,-0.043159691136064,0.180595920930831,0
27,$A_{pesk,rest}$,-0.0376902077587263,0.242356963294798,0
28,$\gamma_r$,0.0303049396042021,0.347261966734477,0
29,$V_{ACO2}$,-0.02254329110507,0.484481607487538,0
30,$V_{TCO2}$,-0.022436598646371,0.486552141775157,0
31,$R_{p,rest}$,-0.0215416020925583,0.504107468150282,0
32,$H_{rest}$,0.019653476677238,0.542209533340953,0
33,$dot_{VA,rest}$,-0.0126928217514009,0.693879553447481,0
34,$V_{TO2}$,0.0108876669680107,0.735652961768113,0
35,$\gamma_l$,-0.00642734158546593,0.842026915417402,0
36,$k_{CO2}$,0.00295769936027151,0.926926277958503,0
37,$M_{CO2}$,-0.00204038968338991,0.949552616885802,0
