Rank,Name,PRCC,p-value,Significant?
1,$H_{rest}$,0.95855708316314,0,1
2,$K_{a1}$,0.942248704911812,0,1
3,$A_{pesk,rest}$,0.854143250920739,2.01429352931319e-275,1
4,$c_{vs}$,-0.771561743749995,3.54609707133639e-191,1
5,$\beta_r$,0.75476755391233,2.44735307648561e-178,1
6,$M_{O2}$,-0.754468679410709,4.05247148921858e-178,1
7,$\alpha_r$,-0.738084566177735,1.41692524624622e-166,1
8,$c_r$,0.720510757271926,4.02717260180178e-155,1
9,$R_{p,rest}$,-0.620084757479004,1.71408700058177e-103,1
10,$\beta_l$,0.55840669671865,3.95895190886279e-80,1
11,$\alpha_l$,-0.556635606415571,1.57597543276247e-79,1
12,$c_l$,0.456550300008848,8.3227119441814e-51,1
13,$c_{as}$,-0.455551291894716,1.45056208172427e-50,1
14,$R_l$,-0.319332320809525,2.71821675441276e-24,1
15,$c_{vp}$,-0.312515694394525,2.77312070894213e-23,1
16,$P_{IO2}$,0.292172699165448,1.99584002822622e-20,1
17,$\kappa$,-0.282258034794057,4.08779254179249e-19,1
18,$c_{ap}$,-0.165032791721041,2.56737670371378e-07,1
19,$K_{a2}$,0.140753463419423,1.1527046233979e-05,1
20,$dot_{VA,rest}$,0.0866471609280279,0.0071062272058221,1
21,$V_{TO2}$,-0.0709079294272781,0.0277014054925333,1
22,$R_r$,-0.068469984027272,0.0335351894719167,1
23,$K_{CO2}$,-0.052488865138571,0.103376336816875,0
24,$\rho_{O2}$,-0.0506562427574079,0.116005932252868,0
25,$\gamma_r$,-0.044694742176426,0.16556668817325,0
26,$M_{CO2}$,-0.037379908872655,0.246258999544756,0
27,$\rho_{CO2}$,-0.0369926954062474,0.251189622555156,0
28,$dot_{VA,exer}$,0.0362029871933594,0.261457573254844,0
29,$V_{AO2}$,0.0216600437708667,0.501765239361789,0
30,$P_{ICO2}$,0.0210429144479018,0.514032030785026,0
31,$V_{ACO2}$,0.0196589151571101,0.542097761009345,0
32,$H_{exer}$,-0.0126391294102139,0.695109486676504,0
33,$V_{TCO2}$,0.0112809758191545,0.726479516076668,0
34,$\gamma_l$,0.00972278190505087,0.763039513554,0
35,$R_{p,exer}$,0.00566411470116275,0.860580979628633,0
36,$k_{CO2}$,0.0031832332082078,0.921371582470469,0
37,$A_{pesk,exer}$,-0.00262399464397227,0.935151572979675,0
