Rank,Name,PRCC,p-value,Significant?
1,$K_{a1}$,0.955408185749974,0,1
2,$H_{exer}$,0.922743045873887,0,1
3,$\rho_{O2}$,-0.792568125549241,7.0769403109908e-209,1
4,$\alpha_r$,-0.750024719761993,6.72286449957437e-175,1
5,$c_{vs}$,-0.728968904975748,1.60311894614433e-160,1
6,$A_{pesk,exer}$,0.72022568462076,6.07458609952917e-155,1
7,$\beta_r$,0.696816783549781,5.26303959981564e-141,1
8,$M_{O2}$,-0.687847352036389,5.12907186377759e-136,1
9,$\kappa$,-0.677708902990976,1.36393350657772e-130,1
10,$c_r$,0.668126906084981,1.16029389809617e-125,1
11,$\alpha_l$,-0.65078308613963,3.4191034345887e-117,1
12,$\beta_l$,0.628913408691721,2.82814207287505e-107,1
13,$c_l$,0.553146621487114,2.33863244342808e-78,1
14,$R_l$,-0.548026625726002,1.15637633261419e-76,1
15,$c_{as}$,-0.529487063408599,9.09271708836013e-71,1
16,$H_{rest}$,0.519111613762832,1.26388318414423e-67,1
17,$c_{vp}$,-0.471034860674489,2.14130495539732e-54,1
18,$V_{TO2}$,0.379349387865791,2.35174096858187e-34,1
19,$P_{IO2}$,0.268422556167487,2.26449168140139e-17,1
20,$R_{p,exer}$,-0.192827136949568,1.58049995962561e-09,1
21,$K_{a2}$,0.181656214320656,1.34591863093007e-08,1
22,$c_{ap}$,-0.149562593540933,3.10267842322485e-06,1
23,$R_r$,-0.132694967937496,3.58209668032504e-05,1
24,$R_{p,rest}$,-0.10927056319163,0.00067768937155447,1
25,$\gamma_r$,0.0826148212799395,0.0102845172904353,1
26,$\rho_{CO2}$,-0.0813723951488303,0.0114912900087453,1
27,$A_{pesk,rest}$,-0.0672200863130656,0.036912963859713,1
28,$\gamma_l$,0.0589383832770386,0.0673763162866302,0
29,$P_{ICO2}$,0.051876021715506,0.107472325804433,0
30,$V_{AO2}$,-0.0510575472136604,0.11314158925793,0
31,$K_{CO2}$,-0.0495851213122165,0.123930045013509,0
32,$V_{TCO2}$,-0.0444932531781504,0.167484043467292,0
33,$dot_{VA,exer}$,0.0425812569151728,0.186514183429465,0
34,$dot_{VA,rest}$,0.0274669253064446,0.394293500302942,0
35,$V_{ACO2}$,-0.00649420448812643,0.840405485442682,0
36,$M_{CO2}$,0.00639412267773709,0.842832725415152,0
37,$k_{CO2}$,-0.0042580814218688,0.894956239142308,0
