Rank,Name,$S_i$,p value,Significant?
1,$K_{a1}$,0.444200695850166,0.00181688558124004,1
2,$H_{exer}$,0.354073670810546,0.0057452642287384,1
3,$\rho_{O2}$,0.170233013972904,0.0260930586479075,1
4,$\alpha_r$,0.0541115026358135,0.0294320007040057,1
5,$\beta_l$,0.0406590588853086,0.0913539222732361,0
6,$\kappa$,0.0393545816295097,0.0231239022093347,1
7,$c_r$,0.0305334853565874,0.0496972387849565,1
8,$R_l$,0.0262692508953711,0.064873301052714,0
9,$c_{vs}$,0.024320578598494,0.0541408372457166,0
10,$\beta_r$,0.0233884312069431,0.0529475314287086,0
11,$\alpha_l$,0.0209179334760468,0.0870160359004156,0
12,$A_{pesk,exer}$,0.0204225176110045,0.006914301092931,1
13,$c_l$,0.0197572146899465,0.037756460916181,1
14,$c_{as}$,0.0184684849492038,0.0112998171542902,1
15,$M_{O2}$,0.0118623996258634,0.0868268715401536,0
16,$c_{vp}$,0.00621611088902265,0.0391992765478823,1
17,$R_{p,exer}$,0.00403949447664293,0.0482462699677234,1
18,$P_{IO2}$,0.00400549232974693,0.00570789586831713,1
19,$K_{a2}$,0.00181084464582425,0.0170981830160474,1
20,$c_{ap}$,0.00108524200224349,0.034882001869561,1
21,$dot_{VA,exer}$,0.000565209593305391,0.0741930878577897,0
22,$R_r$,0.000496860330872739,0.0274352021911892,1
23,$H_{rest}$,2.25549443539295e-05,0.665466451135003,0
24,$P_{ICO2}$,1.34804128727312e-05,0.837429741047486,0
25,$dummy$,1.17444730701423e-05,1000,0
26,$\gamma_r$,1.17026723422441e-05,0.799135979408801,0
27,$A_{pesk,rest}$,1.0178463390045e-05,0.584461291279187,0
28,$dot_{VA,rest}$,9.2123072015298e-06,0.842924730789294,0
29,$V_{TO2}$,8.97535017715019e-06,0.899251168975335,0
30,$V_{ACO2}$,7.64677569493503e-06,0.777294955622803,0
31,$V_{AO2}$,6.46181690405459e-06,0.909610623622759,0
32,$R_{p,rest}$,5.89135463708793e-06,0.789627874231247,0
33,$V_{TCO2}$,4.47161201976455e-06,0.849662765780634,0
34,$\gamma_l$,4.28116003392947e-06,0.531623450569193,0
35,$\rho_{CO2}$,4.03283303317182e-06,0.923405102070518,0
36,$k_{CO2}$,3.98845583584189e-06,0.945971672718303,0
37,$M_{CO2}$,3.07727939308413e-06,0.943799235053314,0
38,$K_{CO2}$,2.57129502414655e-06,0.950994995207515,0
