Rank,Name,$S_i$,p value,Significant?
1,$H_{rest}$,0.418587651003511,0.00403521822665767,1
2,$K_{a1}$,0.307656676467933,0.00100333426560612,1
3,$A_{pesk,rest}$,0.130282415562702,0.000593918776204214,1
4,$M_{O2}$,0.0421761370193324,0.048638150391982,1
5,$\alpha_r$,0.0401293345659995,0.0383763509206125,1
6,$\beta_r$,0.0319637629497881,0.0828942204930759,0
7,$c_{vs}$,0.0309872646692503,0.00209822657081411,1
8,$\alpha_l$,0.0261465547634468,0.0135152147134166,1
9,$c_r$,0.0196846290804471,0.0403168513844111,1
10,$\beta_l$,0.0155575247038897,0.0620892665919285,0
11,$c_{as}$,0.0139388746617843,0.0242606507105573,1
12,$R_{p,rest}$,0.0110054446121157,0.0484202199312243,1
13,$c_l$,0.0066446725529664,0.0815688970896682,0
14,$c_{vp}$,0.00580805327820618,0.0764116080767949,0
15,$P_{IO2}$,0.00463282754400892,0.0118693871946932,1
16,$R_l$,0.00404952387804942,0.113528443962648,0
17,$K_{a2}$,0.00294818547828769,0.0115016251336154,1
18,$\kappa$,0.00284794966834791,0.0343250676219843,1
19,$c_{ap}$,0.00105802696479573,0.0318094577899982,1
20,$dot_{VA,rest}$,0.000402406681801925,0.00402301447167171,1
21,$R_r$,1.96702955700175e-05,0.215827584806966,0
22,$V_{ACO2}$,1.46597008670584e-05,0.36066641149911,0
23,$\gamma_r$,1.2369255600548e-05,0.238872570400297,0
24,$dummy$,1.12403503519173e-05,1000,0
25,$H_{exer}$,1.00186323450371e-05,0.322929836564724,0
26,$\rho_{O2}$,8.70655254370717e-06,0.101133423346249,0
27,$A_{pesk,exer}$,7.67147884701432e-06,0.236979479583224,0
28,$\rho_{CO2}$,5.45305861157961e-06,0.947669138732383,0
29,$V_{TO2}$,5.44814688090783e-06,0.911166385271483,0
30,$V_{TCO2}$,5.00566617529469e-06,0.769329475725317,0
31,$R_{p,exer}$,4.56602697702296e-06,0.615261680919153,0
32,$M_{CO2}$,3.69144826648785e-06,0.846005431384903,0
33,$P_{ICO2}$,3.22899265885167e-06,0.956126956250389,0
34,$k_{CO2}$,2.98169897747351e-06,0.879121941754035,0
35,$\gamma_l$,2.7594462290258e-06,0.938560960452304,0
36,$dot_{VA,exer}$,2.62157373322685e-06,0.969654087349169,0
37,$V_{AO2}$,2.39214203503438e-06,0.874934603048354,0
38,$K_{CO2}$,2.14053323723111e-06,0.888133756944268,0
