Rank,Name,$S_i$,p value,Significant?
1,$K_{a1}$,0.456893831828983,0.00226910667559836,1
2,$H_{exer}$,0.253509505864417,0.00518325723339522,1
3,$\rho_{O2}$,0.157798829083854,0.030269755671306,1
4,$\alpha_r$,0.0486020915929844,0.0388458428754669,1
5,$A_{pesk,exer}$,0.0438642607291747,0.034591252192392,1
6,$\beta_l$,0.0331118860246736,0.126483563759786,0
7,$H_{rest}$,0.030921766551963,0.0250845034228826,1
8,$M_{O2}$,0.0285880104911631,0.0482573666489784,1
9,$\kappa$,0.0244857848822616,0.0266269147291584,1
10,$\alpha_l$,0.0243396524220474,0.043801495444802,1
11,$c_l$,0.0239662173463017,0.01866027310775,1
12,$c_r$,0.0221858009647357,0.0697644272982342,0
13,$c_{vs}$,0.0183503520563151,0.0376696883314154,1
14,$c_{as}$,0.0182846228570488,0.0180619896203534,1
15,$\beta_r$,0.0176098796540051,0.0483769877621932,1
16,$R_l$,0.016062988132823,0.0671978957373069,0
17,$c_{vp}$,0.00671525282968486,0.00225785782094818,1
18,$V_{TO2}$,0.00563389776086792,0.133644094388465,0
19,$P_{IO2}$,0.00292663276186795,0.0159906964769612,1
20,$R_{p,exer}$,0.00243091244861044,0.0104182953313111,1
21,$K_{a2}$,0.00170660916201979,0.011652770559969,1
22,$c_{ap}$,0.00106694333485528,0.0154842674683662,1
23,$R_{p,rest}$,0.000374605833412232,0.0260343597299236,1
24,$R_r$,0.000326655266216221,0.0226701397182882,1
25,$\gamma_r$,0.000131253696116153,0.0476791229553784,1
26,$dot_{VA,rest}$,0.000115988833024045,0.0745775025912599,0
27,$\gamma_l$,0.000103820049699145,0.155685026440199,0
28,$dot_{VA,exer}$,7.80558353794541e-05,0.134936958502534,0
29,$A_{pesk,rest}$,7.65754070373013e-05,0.12705843591591,0
30,$dummy$,9.24883813915503e-06,1000,0
31,$P_{ICO2}$,7.13391747392963e-06,0.897989085232842,0
32,$V_{AO2}$,6.54491573267007e-06,0.826191003645625,0
33,$V_{ACO2}$,5.29866266753966e-06,0.91837031053947,0
34,$V_{TCO2}$,4.1448380368591e-06,0.924773571026224,0
35,$k_{CO2}$,3.30085886040196e-06,0.943185265788141,0
36,$\rho_{CO2}$,3.25764457006905e-06,0.897802467824176,0
37,$M_{CO2}$,2.40589057859923e-06,0.944581345132713,0
38,$K_{CO2}$,1.75924888374831e-06,0.957603888751593,0
