Rank,Name,$S_{ti}$,p value,Significant?
1,$K_{a1}$,0.460929519269804,0.00231824261410871,1
2,$H_{exer}$,0.25794832202619,0.00548348664753724,1
3,$\rho_{O2}$,0.165049175274916,0.0317989101592492,1
4,$\alpha_r$,0.0512444806569203,0.0519196486784565,0
5,$A_{pesk,exer}$,0.0489252233005751,0.0427591850681961,1
6,$H_{rest}$,0.0383257919673821,0.0311096335646736,1
7,$\beta_l$,0.0362902665063427,0.141903288244843,0
8,$M_{O2}$,0.0310720314441604,0.0622806018374851,0
9,$\kappa$,0.0289040568929617,0.0438652879955836,1
10,$c_l$,0.0284417580163092,0.0368033324700242,1
11,$\alpha_l$,0.026409038411526,0.0585791966513601,0
12,$c_r$,0.0243654810214157,0.106413700538533,0
13,$c_{as}$,0.0212665277152602,0.0409714130605139,1
14,$c_{vs}$,0.0201078986453527,0.0698263935660162,0
15,$R_l$,0.0193937845806226,0.0764978111470827,0
16,$\beta_r$,0.0186074450993902,0.0747352630011657,0
17,$V_{TO2}$,0.00935614695915321,0.192060908006028,0
18,$c_{vp}$,0.00856819464434211,0.466844950564894,0
19,$R_{p,exer}$,0.00558845163570676,0.655385392199393,0
20,$P_{IO2}$,0.00541286160770627,0.468774639373954,0
21,$V_{ACO2}$,0.00527500300962713,0.36628933705208,0
22,$K_{a2}$,0.00463145257762665,0.723454747174969,0
23,$dot_{VA,exer}$,0.00418153550273881,0.335079861698007,0
24,$R_{p,rest}$,0.00302122113840508,0.636395199985007,0
25,$c_{ap}$,0.00296980513699685,0.751429003063221,0
26,$\gamma_r$,0.00286243707365896,0.505524604568347,0
27,$A_{pesk,rest}$,0.00277271420808056,0.639674868982751,0
28,$dummy$,0.00264475414069798,1000,0
29,$dot_{VA,rest}$,0.002544864229442,0.699027144731324,0
30,$k_{CO2}$,0.00254399679682293,0.771313910426675,0
31,$\rho_{CO2}$,0.00241743005737438,0.349319679924007,0
32,$P_{ICO2}$,0.00182496930446563,0.874211202429776,0
33,$\gamma_l$,0.00172749394921989,0.376465405739044,0
34,$V_{AO2}$,0.00166271256439765,0.629758102285009,0
35,$R_r$,0.00149072251954796,0.883342871262202,0
36,$K_{CO2}$,0.00122939524856647,0.896960616617628,0
37,$V_{TCO2}$,0.00114637617582758,0.834074248935881,0
38,$M_{CO2}$,0.000866251183683109,0.83632521976234,0
