Rank,Name,$S_{ti}$,p value,Significant?
1,$K_{a1}$,0.449088246155693,0.00184283615821679,1
2,$H_{exer}$,0.359769676040768,0.00600662085538417,1
3,$\rho_{O2}$,0.176558350161634,0.0280875942409609,1
4,$\alpha_r$,0.0566687309891141,0.0431690529268102,1
5,$\beta_l$,0.0445266317817999,0.12389860855229,0
6,$\kappa$,0.0444876355273816,0.0396191261313453,1
7,$c_r$,0.0330287268316873,0.0849848126125985,0
8,$R_l$,0.0300654947551791,0.082563482160406,0
9,$c_{vs}$,0.0264520393391343,0.0892725374986423,0
10,$A_{pesk,exer}$,0.0248591088963387,0.0754281318099291,0
11,$\beta_r$,0.024641040970219,0.0835598046155072,0
12,$c_l$,0.0245207847018409,0.0864356282987393,0
13,$\alpha_l$,0.0230625180702597,0.114504820964722,0
14,$c_{as}$,0.0215548229232551,0.0769011921916343,0
15,$M_{O2}$,0.013818560324804,0.166302115493358,0
16,$c_{vp}$,0.00799812083749263,0.536757924405227,0
17,$H_{rest}$,0.007365622014464,0.62326353213804,0
18,$R_{p,exer}$,0.00733802741776091,0.536425110896398,0
19,$P_{IO2}$,0.00656148671737999,0.634274398537642,0
20,$V_{ACO2}$,0.00529766712314761,0.479962288999118,0
21,$dot_{VA,exer}$,0.00500099395445119,0.469084625813063,0
22,$K_{a2}$,0.00433587553337422,0.778380050039816,0
23,$c_{ap}$,0.0028958892081451,0.713001267645209,0
24,$dummy$,0.00279047423967738,1000,0
25,$P_{ICO2}$,0.00277462785640215,0.825120697323619,0
26,$V_{TO2}$,0.00271670812388825,0.645838945990875,0
27,$k_{CO2}$,0.00252796510046183,0.831650736698521,0
28,$R_{p,rest}$,0.00246932486413531,0.547852966143617,0
29,$\gamma_r$,0.0023507652223238,0.730486524732223,0
30,$A_{pesk,rest}$,0.00227341682878612,0.739635439982904,0
31,$\rho_{CO2}$,0.0022595924435409,0.658720402989159,0
32,$dot_{VA,rest}$,0.00201145354301646,0.793882046900521,0
33,$\gamma_l$,0.00189383028309953,0.40778670323593,0
34,$R_r$,0.00185009024639249,0.843152452129551,0
35,$V_{AO2}$,0.0017364215572363,0.777462607501523,0
36,$K_{CO2}$,0.00117650193895136,0.872242727023403,0
37,$V_{TCO2}$,0.00108727603936642,0.628350155695092,0
38,$M_{CO2}$,0.000851331900365349,0.822834782460142,0
