Rank,Name,PRCC,p-value,Significant?
1,$H_{exer}$,0.947645622396664,1.94505124773531e-32,1
2,$K_{a1}$,0.93248346638841,4.11758961937749e-29,1
3,$\rho_{O2}$,-0.845253552034325,1.58603429889134e-18,1
4,$\kappa$,-0.773714831926442,6.61772314573365e-14,1
5,$c_{vs}$,-0.767063201547061,1.45790648075056e-13,1
6,$\alpha_l$,-0.719077433992018,2.19499145316947e-11,1
7,$R_l$,-0.717758038787916,2.48274367061006e-11,1
8,$\beta_l$,0.693485158609854,2.12876800508402e-10,1
9,$\alpha_r$,-0.680402667749494,6.2256505886995e-10,1
10,$c_r$,0.633084805382065,1.98477335670798e-08,1
11,$\beta_r$,0.625710085965319,3.23160614577929e-08,1
12,$c_l$,0.605944272595862,1.12324476269901e-07,1
13,$c_{as}$,-0.575299826715069,6.60866956624488e-07,1
14,$M_{O2}$,-0.490122970742002,3.94137533258366e-05,1
15,$A_{pesk,exer}$,0.485012014344305,4.87231815135577e-05,1
16,$c_{vp}$,-0.483259907610615,5.23563586426003e-05,1
17,$P_{IO2}$,0.343314500107837,0.00548055912684849,1
18,$P_{ICO2}$,-0.330051652850387,0.00773421352937565,1
19,$k_{CO2}$,-0.272734253417131,0.0292286263403567,1
20,$A_{pesk,rest}$,0.235580917896438,0.0609343030836593,0
21,$V_{TCO2}$,-0.206173668609793,0.102155099427923,0
22,$c_{ap}$,-0.200921410946909,0.111390827205395,0
23,$R_r$,-0.193966184007721,0.124594289990659,0
24,$\gamma_l$,0.142358946462079,0.261797825898766,0
25,$V_{TO2}$,-0.136986455991297,0.280413589127158,0
26,$K_{a2}$,0.111216353916583,0.381620942278522,0
27,$V_{ACO2}$,-0.0996835310312943,0.433212839570949,0
28,$dot_{VA,exer}$,0.0992578132405897,0.43518958992236,0
29,$V_{AO2}$,0.0936680527051317,0.46161125977395,0
30,$\gamma_r$,0.0848735296070315,0.504893087167674,0
31,$R_{p,exer}$,-0.0847148623157654,0.505692655790816,0
32,$dot_{VA,rest}$,0.0766671868178083,0.547083351045611,0
33,$\rho_{CO2}$,0.0645807385398783,0.61215972526385,0
34,$R_{p,rest}$,0.0374691276215199,0.768797363820745,0
35,$H_{rest}$,-0.0334246235554402,0.793167211237948,0
36,$K_{CO2}$,-0.0253184271650872,0.842585697619098,0
37,$M_{CO2}$,-0.0105335049402679,0.934162091572466,0
