Rank,Name,PRCC,p-value,Significant?
1,$H_{rest}$,0.991472498638512,1.37238105246924e-56,1
2,$K_{a1}$,0.986375555712765,2.59147599539604e-50,1
3,$A_{pesk,rest}$,0.97105846104657,2.87867777860994e-40,1
4,$c_{vs}$,-0.943494815940618,1.94644616628179e-31,1
5,$\alpha_r$,-0.942387878689131,3.49346964292407e-31,1
6,$M_{O2}$,-0.934548466884738,1.62141952246175e-29,1
7,$\beta_r$,0.934513793331068,1.64740341855636e-29,1
8,$c_r$,0.924833885776895,1.02250334024192e-27,1
9,$R_{p,rest}$,-0.891257125376324,5.75364387389769e-23,1
10,$\alpha_l$,-0.876522655260247,2.35711122983274e-21,1
11,$\beta_l$,0.844717587921375,1.75071031504294e-18,1
12,$c_l$,0.768480320156995,1.23482447560263e-13,1
13,$c_{as}$,-0.747260448067904,1.32209449902089e-12,1
14,$c_{vp}$,-0.664995437071546,2.05762242203361e-09,1
15,$R_l$,-0.660990207490989,2.77587874343713e-09,1
16,$K_{a2}$,0.578501897483822,5.5379454696145e-07,1
17,$\kappa$,-0.571581511893557,8.09542125151076e-07,1
18,$P_{IO2}$,0.552138803598976,2.24861290435094e-06,1
19,$c_{ap}$,-0.542714375235261,3.60656746121281e-06,1
20,$dot_{VA,rest}$,0.221091868992131,0.0791443450024039,0
21,$\rho_{CO2}$,-0.195037919666647,0.12248559244594,0
22,$\rho_{O2}$,0.177100813667619,0.161520384639057,0
23,$P_{ICO2}$,0.138124461307409,0.276398992163648,0
24,$V_{ACO2}$,-0.128394090558032,0.311968168064721,0
25,$dot_{VA,exer}$,0.105731547813831,0.40568238763014,0
26,$V_{AO2}$,-0.0963040036652109,0.449044179794963,0
27,$H_{exer}$,0.0926985868584219,0.466280988979655,0
28,$k_{CO2}$,0.0834505485158876,0.512087042779967,0
29,$V_{TO2}$,0.0793663652731237,0.533020693238174,0
30,$\gamma_r$,0.0781340633993137,0.539418773592307,0
31,$R_{p,exer}$,-0.0711081231939761,0.576598103304722,0
32,$R_r$,0.056005837723681,0.660254840151218,0
33,$A_{pesk,exer}$,-0.0527624859889783,0.67882337761496,0
34,$V_{TCO2}$,-0.0334796350757032,0.792834359810862,0
35,$M_{CO2}$,0.0174284556733433,0.891275853056045,0
36,$K_{CO2}$,0.0158801711667863,0.900883537754037,0
37,$\gamma_l$,-0.0152023454738995,0.905094245368667,0
