Rank,Name,PRCC,p-value,Significant?
1,$K_{a1}$,0.94703903393947,2.75483534035635e-32,1
2,$H_{exer}$,0.917659768748105,1.54860514115824e-26,1
3,$\rho_{O2}$,-0.781361604984438,2.58074825871579e-14,1
4,$c_{vs}$,-0.765429597217432,1.76297069920659e-13,1
5,$\alpha_l$,-0.723927789468808,1.38716475761266e-11,1
6,$\kappa$,-0.698540214590198,1.3848563469243e-10,1
7,$\beta_l$,0.686479116147115,3.8082103019706e-10,1
8,$\alpha_r$,-0.667557215586277,1.69493887760791e-09,1
9,$R_l$,-0.653682302268926,4.73893627219285e-09,1
10,$M_{O2}$,-0.64463069720559,9.01147285428432e-09,1
11,$c_r$,0.642801901177617,1.02346314834607e-08,1
12,$c_l$,0.610467329062534,8.50993533182091e-08,1
13,$A_{pesk,exer}$,0.603274583190351,1.32053714141117e-07,1
14,$\beta_r$,0.569889959406526,8.87100831925179e-07,1
15,$c_{as}$,-0.537136281916399,4.7384456212618e-06,1
16,$H_{rest}$,0.485255570268861,4.82370161978625e-05,1
17,$c_{vp}$,-0.463533410168452,0.000114594731671133,1
18,$V_{TO2}$,0.360940795312408,0.00338871669011822,1
19,$P_{ICO2}$,-0.31961737685453,0.010039763430962,1
20,$\gamma_l$,0.265999973286045,0.0336286752770512,1
21,$P_{IO2}$,0.259346222701085,0.0385056644548789,1
22,$c_{ap}$,-0.251534258696343,0.0449656154303912,1
23,$\gamma_r$,0.204956174946728,0.104241148758069,0
24,$k_{CO2}$,-0.194675079104209,0.123196432793491,0
25,$A_{pesk,rest}$,0.190972818570406,0.130630208843945,0
26,$V_{TCO2}$,-0.150079603473432,0.236535210519125,0
27,$dot_{VA,rest}$,0.136187369661963,0.283255542287634,0
28,$R_r$,-0.104795773083231,0.409874035619092,0
29,$R_{p,rest}$,-0.102719498443277,0.419263558799953,0
30,$K_{a2}$,0.0937605211905685,0.461167192158107,0
31,$R_{p,exer}$,-0.0723788621835811,0.569787185364743,0
32,$V_{AO2}$,0.0609336930443353,0.632431876539761,0
33,$V_{ACO2}$,-0.0320135101560747,0.801717668799889,0
34,$M_{CO2}$,-0.0218823176559396,0.863729378197514,0
35,$K_{CO2}$,-0.0196929976090919,0.877251898699004,0
36,$\rho_{CO2}$,0.0183248475796715,0.885720425178532,0
37,$dot_{VA,exer}$,0.00551800461134416,0.965482873587151,0
