Rank,Name,PRCC,p-value,Significant?
1,$K_{a1}$,0.915493209099599,0,1
2,$H_{exer}$,0.914656935750839,0,1
3,$\rho_{O2}$,-0.777845113490528,2.88073481303082e-196,1
4,$\kappa$,-0.696152306123461,1.25071517600494e-140,1
5,$c_{vs}$,-0.677737752007201,1.31724712540898e-130,1
6,$\alpha_r$,-0.670103978122702,1.15491433418143e-126,1
7,$\beta_r$,0.637342779240201,5.29781296493102e-111,1
8,$c_r$,0.610984713131784,1.01952104680008e-99,1
9,$R_l$,-0.554419193739983,8.77620686010719e-79,1
10,$\beta_l$,0.517290584028798,4.38743876591778e-67,1
11,$\alpha_l$,-0.516032240110298,1.03226710952319e-66,1
12,$A_{pesk,exer}$,0.514035360966466,3.98356445829102e-66,1
13,$M_{O2}$,-0.456660890178743,7.82540548851172e-51,1
14,$c_{as}$,-0.417844379922886,5.06133890953425e-42,1
15,$c_l$,0.397862815479826,6.45807151205024e-38,1
16,$c_{vp}$,-0.392767285623781,6.50259954411421e-37,1
17,$P_{IO2}$,0.325530673058311,3.12055387856166e-25,1
18,$R_{p,exer}$,-0.213680722236917,2.03631177584541e-11,1
19,$K_{a2}$,0.190500024622341,2.49605858144446e-09,1
20,$c_{ap}$,-0.157647962374633,8.69211421398866e-07,1
21,$R_r$,-0.130257095242058,4.98532808599449e-05,1
22,$dot_{VA,exer}$,0.111371803680171,0.000531798158712961,1
23,$\rho_{CO2}$,-0.0719588214619485,0.025469870542416,1
24,$A_{pesk,rest}$,-0.0524748590487961,0.103468544008766,0
25,$V_{AO2}$,-0.0415813814246955,0.197079789748908,0
26,$K_{CO2}$,-0.0394465180138455,0.221089392528904,0
27,$V_{ACO2}$,-0.0318131728165776,0.323782520633846,0
28,$P_{ICO2}$,0.0293861674643952,0.362082002054114,0
29,$dot_{VA,rest}$,-0.028156735163942,0.382521908806845,0
30,$R_{p,rest}$,-0.02184992146024,0.498022371106768,0
31,$V_{TCO2}$,-0.0136682980489639,0.671677193919405,0
32,$V_{TO2}$,0.01154181160811,0.720417273708786,0
33,$\gamma_l$,-0.00699247289208295,0.828344175994574,0
34,$k_{CO2}$,0.0060424515752538,0.851373329670455,0
35,$\gamma_r$,-0.00435347211958068,0.892617101619589,0
36,$H_{rest}$,-0.00295812426792069,0.92691580943584,0
37,$M_{CO2}$,5.15933003219535e-05,0.998723538089898,0
