Rank,Name,PRCC,p-value,Significant?
1,$H_{rest}$,0.946838343405835,0,1
2,$K_{a1}$,0.928464903965172,0,1
3,$A_{pesk,rest}$,0.820997783050394,2.13503398438897e-236,1
4,$M_{O2}$,-0.733300660358152,2.28808185478032e-163,1
5,$c_{vs}$,-0.732402902989531,8.99033111638547e-163,1
6,$\beta_r$,0.717673749115733,2.3534899325572e-153,1
7,$\alpha_r$,-0.695555104631825,2.71731449544847e-140,1
8,$c_r$,0.676321563630842,7.24690085180507e-130,1
9,$R_{p,rest}$,-0.57049106772636,2.54537434930984e-84,1
10,$\beta_l$,0.509135253538177,1.05443968423416e-64,1
11,$\alpha_l$,-0.503837304325599,3.43116730690089e-63,1
12,$c_{as}$,-0.404820744998323,2.58197090736084e-39,1
13,$c_l$,0.392810425831693,6.37777163903701e-37,1
14,$P_{IO2}$,0.349409191338017,4.61251134302293e-29,1
15,$R_l$,-0.289749471169534,4.22156558106338e-20,1
16,$c_{vp}$,-0.279353370787868,9.67856386934533e-19,1
17,$\kappa$,-0.264127355335061,7.51763517085315e-17,1
18,$K_{a2}$,0.168979829728885,1.30790460126532e-07,1
19,$c_{ap}$,-0.143245217406337,8.01431250177744e-06,1
20,$dot_{VA,rest}$,0.104230725880518,0.00119184696052915,1
21,$R_r$,-0.0707116156305552,0.0281364250091638,1
22,$V_{TO2}$,-0.0657357929935711,0.0412958593712473,1
23,$\gamma_r$,-0.0635535846721526,0.048533380089916,1
24,$\rho_{CO2}$,-0.0568720064763194,0.0775772954120684,0
25,$K_{CO2}$,-0.0515880380097053,0.10944090188188,0
26,$\rho_{O2}$,-0.0434602682535608,0.17757609135586,0
27,$M_{CO2}$,0.0318141321038872,0.323767923382364,0
28,$dot_{VA,exer}$,0.0305939180788724,0.342681478446656,0
29,$\gamma_l$,0.0240392067896838,0.455959217954156,0
30,$P_{ICO2}$,0.015896972970715,0.622036943484172,0
31,$V_{TCO2}$,0.0143743115863894,0.655783171130732,0
32,$H_{exer}$,-0.0136835749692474,0.67133168591526,0
33,$V_{AO2}$,0.0127963231362291,0.691510914666571,0
34,$k_{CO2}$,0.00975911944633237,0.762180521344378,0
35,$V_{ACO2}$,0.00909251003011478,0.777984169041791,0
36,$R_{p,exer}$,0.00322698823976327,0.920294370367116,0
37,$A_{pesk,exer}$,-0.00189476733658647,0.953148746713384,0
