Rank,Name,PRCC,p-value,Significant?
1,$K_{a1}$,0.940236927762934,0,1
2,$H_{exer}$,0.893628861446903,0,1
3,$\rho_{O2}$,-0.747833826461134,2.45477720221162e-173,1
4,$\alpha_r$,-0.688385476493551,2.60532411928047e-136,1
5,$c_{vs}$,-0.681272832957531,1.7904027071811e-132,1
6,$A_{pesk,exer}$,0.656127814120915,9.63341686693017e-120,1
7,$M_{O2}$,-0.646258428031266,4.49537330649181e-115,1
8,$\kappa$,-0.64242882672426,2.61922611276398e-113,1
9,$\beta_r$,0.642425526136149,2.62835266930513e-113,1
10,$c_r$,0.617145474613459,2.92877178176602e-102,1
11,$\alpha_l$,-0.574458848028206,9.7977313211709e-86,1
12,$\beta_l$,0.552183418072565,4.89687965024692e-78,1
13,$R_l$,-0.493950337029404,1.93983595655489e-60,1
14,$c_l$,0.465684660767206,4.75009936793745e-53,1
15,$c_{as}$,-0.45284027240346,6.49015032299213e-50,1
16,$H_{rest}$,0.448648049093998,6.41240174070889e-49,1
17,$c_{vp}$,-0.411193113630383,1.26486632550695e-40,1
18,$V_{TO2}$,0.330588444965707,5.13840951172675e-26,1
19,$P_{IO2}$,0.310892719102851,4.77842694214884e-23,1
20,$K_{a2}$,0.179260041623325,2.09509000200453e-08,1
21,$R_{p,exer}$,-0.170325251342368,1.03551547030117e-07,1
22,$c_{ap}$,-0.145999323738942,5.32480044173026e-06,1
23,$R_r$,-0.121298988245897,0.000159882679946943,1
24,$R_{p,rest}$,-0.102667525926007,0.00141311183853135,1
25,$\rho_{CO2}$,-0.0917876597522718,0.00434204361000015,1
26,$A_{pesk,rest}$,-0.0635798354427853,0.0484403732106604,1
27,$\gamma_l$,0.0549186418163672,0.0883424058018188,0
28,$V_{AO2}$,-0.0543254605792119,0.0918396438207905,0
29,$\gamma_r$,0.0538325250862564,0.0948296097294566,0
30,$dot_{VA,exer}$,0.0477331122819589,0.138618383950993,0
31,$K_{CO2}$,-0.0451671627992316,0.161135888995442,0
32,$P_{ICO2}$,0.0361242916325838,0.262496437922853,0
33,$V_{TCO2}$,-0.0355487005077645,0.270181381550158,0
34,$dot_{VA,rest}$,0.0266540973505217,0.408441784259437,0
35,$V_{ACO2}$,-0.0257725396259059,0.424122645583913,0
36,$M_{CO2}$,-0.00522414219747659,0.871312430040552,0
37,$k_{CO2}$,0.00139036464093267,0.965611824091874,0
