Rank,Parameter,$S_i$,p-value,Significant?
1,$H_{rest}$,0.39116147051447,0.000913902011901987,1
2,$K_{a1}$,0.239821371846002,0.00307351326518626,1
3,$A_{pesk,rest}$,0.152532452744496,0.012230321818516,1
4,$\alpha_r$,0.0436150693131628,0.0302390771613531,1
5,$M_{O2}$,0.0359087316168649,0.0751884028557892,0
6,$c_{vs}$,0.0333808463363778,0.0350680240340781,1
7,$R_{p,rest}$,0.0242337421952136,0.00657996631889801,1
8,$\alpha_l$,0.0234498913527145,0.0222862957056834,1
9,$\beta_r$,0.0181660598879193,0.0119121648535419,1
10,$c_r$,0.0177474431694933,0.00743434868544155,1
11,$\beta_l$,0.0148648054430697,0.0547366709241282,0
12,$K_{a2}$,0.0113120456948025,0.00103528554852796,1
13,$c_{as}$,0.00969339421021175,0.0052478440996799,1
14,$c_l$,0.00774038174850224,0.061289217436185,0
15,$P_{IO2}$,0.00599770575350039,0.0310560901222856,1
16,$R_l$,0.00381797216481665,0.0872003350971519,0
17,$c_{vp}$,0.00294738110778624,0.0199645593969071,1
18,$\kappa$,0.00251437856655864,0.0531549878629717,0
19,$c_{ap}$,0.00116219519316898,0.108263650472767,0
20,$dot_{VA,rest}$,0.000886406996880117,0.0349974036579736,1
21,$dummy$,0.000105197340660598,1000,0
22,$M_{CO2}$,9.97199657617794e-05,0.441245627506914,0
23,$R_r$,4.51207094795824e-05,0.78671842737463,0
24,$\gamma_l$,3.21938316365856e-05,0.554049128032642,0
25,$V_{TO2}$,3.19744323601935e-05,0.846640849892266,0
26,$\gamma_r$,2.87897431675371e-05,0.586545813017184,0
27,$\rho_{O2}$,2.86134403061136e-05,0.179277205778513,0
28,$H_{exer}$,2.81982291260905e-05,0.880992225869342,0
29,$R_{p,exer}$,2.4467210643487e-05,0.764350261879685,0
30,$V_{ACO2}$,2.42100347284173e-05,0.871320670300675,0
31,$K_{CO2}$,2.31428159397856e-05,0.828147424204191,0
32,$A_{pesk,exer}$,2.05212890600722e-05,0.492920571178696,0
33,$V_{AO2}$,1.97397324460106e-05,0.865721167588418,0
34,$V_{TCO2}$,1.71422862724756e-05,0.811945206336578,0
35,$dot_{VA,exer}$,1.70210880578034e-05,0.894972780350275,0
36,$P_{ICO2}$,1.08246063721691e-05,0.871604116688786,0
37,$\rho_{CO2}$,1.01434658615489e-05,0.902203627514301,0
38,$k_{CO2}$,7.27236004876892e-06,0.899191354350758,0
