Rank,Parameter,$S_i$,p-value,Significant?
1,$K_{a1}$,0.628105076678678,0.000208416958107364,1
2,$H_{exer}$,0.32141175859648,0.0147531183202951,1
3,$\rho_{O2}$,0.0982618622447138,0.0534615503865533,0
4,$\alpha_r$,0.0604840502225734,0.0593415270468487,0
5,$\alpha_l$,0.0453908749042648,0.00969263192916636,1
6,$\kappa$,0.0294204867074822,0.117673129243892,0
7,$R_l$,0.027535344912192,0.0568766887703131,0
8,$\beta_l$,0.0266174033893765,0.0151572256557736,1
9,$c_r$,0.0228811613225923,0.0719863711524775,0
10,$\beta_r$,0.0215379140544523,0.080669845703276,0
11,$c_{vs}$,0.0190500693437419,0.0224640917318149,1
12,$A_{pesk,exer}$,0.0177529576318548,0.00460749199743582,1
13,$c_l$,0.0166635349419107,0.0421645050364981,1
14,$c_{as}$,0.0163481309687645,0.0124164711823295,1
15,$P_{IO2}$,0.0142005806286186,0.0160507329640667,1
16,$M_{O2}$,0.00809208980079036,0.0499557043346881,1
17,$R_{p,exer}$,0.00778994555495807,0.0254275908658267,1
18,$c_{vp}$,0.00692466963771321,0.0359483252790263,1
19,$K_{a2}$,0.00282370161054179,0.0171132208419897,1
20,$dot_{VA,exer}$,0.00236839923283627,0.0131064662782995,1
21,$c_{ap}$,0.00123200446228498,0.0385273377169637,1
22,$R_r$,0.000981041643792237,0.0127751615738704,1
23,$dummy$,6.2875221224712e-05,1000,0
24,$H_{rest}$,6.06771812505284e-05,0.837374938838917,0
25,$M_{CO2}$,4.26470025914242e-05,0.27243389163098,0
26,$\gamma_r$,4.03051737836831e-05,0.975570668243109,0
27,$\gamma_l$,3.82562616546503e-05,0.541521610771926,0
28,$P_{ICO2}$,3.79877523802184e-05,0.899286727456233,0
29,$R_{p,rest}$,3.48467196563828e-05,0.971779790301293,0
30,$dot_{VA,rest}$,3.25944925855361e-05,0.971080467780226,0
31,$V_{TO2}$,2.96884916562772e-05,0.980775580527502,0
32,$k_{CO2}$,2.93872902488492e-05,0.983090340687246,0
33,$V_{AO2}$,2.68448102827453e-05,0.982896889948657,0
34,$V_{ACO2}$,2.63079539913603e-05,0.962332943479474,0
35,$K_{CO2}$,2.33779768919454e-05,0.986153214169593,0
36,$A_{pesk,rest}$,2.20252606887166e-05,0.905390219192649,0
37,$V_{TCO2}$,1.28318829695856e-05,0.964572882141236,0
38,$\rho_{CO2}$,8.87836838711652e-06,0.986274201138186,0
