Rank,Parameter,$S_i$,p-value,Significant?
1,$K_{a1}$,0.66333251303776,0.000126626173907231,1
2,$H_{exer}$,0.22258390234611,0.0263904349149045,1
3,$\rho_{O2}$,0.0928192981225072,0.0161118890320399,1
4,$\alpha_l$,0.0559510230485977,0.0195514314556932,1
5,$\alpha_r$,0.0528820783530664,0.0373356604362966,1
6,$A_{pesk,exer}$,0.0361607167566468,0.00345605891457391,1
7,$\beta_l$,0.020830019649617,0.0282488170023905,1
8,$M_{O2}$,0.0196713821198257,0.0827168784999517,0
9,$H_{rest}$,0.0192440178243094,0.0512992579225045,0
10,$c_r$,0.0184942298977309,0.0875643739449612,0
11,$\kappa$,0.0183813941638232,0.0970033399518229,0
12,$R_l$,0.0180205321891812,0.0489572381197104,1
13,$c_l$,0.0169625966407941,0.0279516922265584,1
14,$\beta_r$,0.0159454504847343,0.0628685384935128,0
15,$c_{vs}$,0.0157280724039281,0.00891393918853816,1
16,$c_{as}$,0.0156657632126566,0.0397094220738874,1
17,$P_{IO2}$,0.00892667532738987,0.0231923358222683,1
18,$c_{vp}$,0.00702016674625395,0.0002741239666409,1
19,$R_{p,exer}$,0.00549432331334999,0.0286482358213527,1
20,$V_{TO2}$,0.0047059127352096,0.137787171048562,0
21,$K_{a2}$,0.00283668207132616,0.0102935880498379,1
22,$c_{ap}$,0.00120049532503194,0.0233704302576494,1
23,$R_{p,rest}$,0.000679359700579026,0.0798696745038492,0
24,$R_r$,0.000621817301859149,0.0267524369992794,1
25,$dot_{VA,rest}$,0.000410278359053853,0.143809066918658,0
26,$dot_{VA,exer}$,0.000338512572019928,0.116304868668234,0
27,$\gamma_l$,0.00021481755590855,0.115054167618785,0
28,$\gamma_r$,7.83166693640305e-05,0.874632684794164,0
29,$A_{pesk,rest}$,7.53392581797471e-05,0.38501438307495,0
30,$M_{CO2}$,4.33540102966334e-05,0.474950862565817,0
31,$dummy$,4.10303165790083e-05,1000,0
32,$V_{AO2}$,2.69470446612033e-05,0.947852504134332,0
33,$P_{ICO2}$,1.9789390552908e-05,0.956552334505428,0
34,$V_{ACO2}$,1.78096883580709e-05,0.956582732426247,0
35,$k_{CO2}$,1.76632197662929e-05,0.956103962675932,0
36,$V_{TCO2}$,1.24594433570219e-05,0.955192552054036,0
37,$K_{CO2}$,1.21556233051952e-05,0.963152485169122,0
38,$\rho_{CO2}$,1.00206098911062e-05,0.954833983080948,0
